param r : 1 2 3 4 5 6 7 8 9 10 11 :=
1 -0.0007510326699345793 0.11003574641928544 -0.00053893829156268 0.31218905472636715 0.1204725921707108 0.019063180827907974 0.09308406386527987 0.1133253301320528 -0.09401709401709392 -0.03973672012145125 0.01707276645118776 
2 0.002517985611519478 0.17365571362809315 0.0030284029303840132 -0.09174311926604949 -0.006488240064878783 0.02976448805027114 0.017659279778398058 0.0554493307839388 0.14349775784753357 0.009259259259259231 -0.05226761016405673 
3 -0.05783921425971518 0.10116259849028061 -0.009456579648368988 0.028526970954365335 -0.01461295418638051 0.04968619246865164 -0.022460610124019148 0.1807965299684543 0.14000000000000004 -0.00520426749934962 0.04738201641939223 
4 0.041794478527589045 -0.05601086271275928 0.02168418251962272 0.09490509490509565 -0.10221870047543323 -0.021978021977995033 -0.002343155489098556 -0.019572368421052595 -0.13286713286713284 0.062204376591341 -0.039928292046940164 
5 -0.03031409788165837 -0.007558449143656112 -0.09354540031336067 0.09502262443435719 -0.059661620658944876 -0.03585858585859128 -0.10483598241461102 -0.1491968869018049 0.007843137254901968 0.02662721893491128 0.12177455455374991 
6 0.07255615355044658 0.04101677391754865 0.10499702558000953 -0.04865334491749433 -0.052371541501975406 0.13384050538243397 0.14230769230768953 0.1318637274549098 0.29880478087649404 0.08310991957104549 0.06361556064073026 
7 0.028040658955482755 0.030783771011947396 0.009975403115614926 -0.13219424460432852 -0.015974440894567718 0.01268911664226105 0.015673472227865404 -0.03904011461318064 0.2823529411764707 0.015982738870500748 0.07325162220620487 
8 0.027687312889368015 0.1009706837739647 -0.01291818208848903 -0.08755274261602652 0.016322089227417718 -0.0009647853352448725 0.043865435356228236 0.05715902659875498 0.12268518518518502 -0.050210130502101276 -0.008579830940182536 
9 -0.08399209486164914 -0.011652369734955694 -0.017990687173709986 0.07009345794392356 0.04782146652497733 0.1156568580119153 -0.00348432055748646 -0.0015781167806418273 0.14999999999999997 0.04279176201372991 0.00394504149095463 
10 0.12149872680974655 -0.09716556211043281 0.006141979717188314 0.01689545934530122 0.12890231621348547 -0.07672073651905677 -0.016704103777870866 -0.10956175298804775 0.07142857142857145 -0.014874031513521634 0.013099257258607663 
11 -0.10175422346797883 -0.014215903930055944 0.05588600513926241 0.03092783505154554 0.017777777777778375 -0.009840674789113319 0.02207750952985204 -0.028897188912915255 0.021390374331550818 -0.022596366858661825 -0.019469026548660104 
12 -0.01668984700973379 -0.09214947372013571 0.018103215347194397 0.23388773388769554 0.13496932515332677 0.017265054385397435 0.03707140458151796 0.07098078867542969 -0.00874125874125871 -0.01882086167800448 -0.038288106002308864 
13 0.033101045296147935 -0.1703732036500697 -0.04152069547163567 0.1357318070318963 -0.011819941065222711 0.04404873477038039 0.023637936004620084 0.017582417582417596 -0.027633851468048382 -0.0031377012081003144 0.010254188330447955 
14 -0.08514917867919906 -0.021431581562636436 0.03377520589937519 0.03256150506514538 -0.03149001536100557 0.034910400478082526 -0.054274271509461715 -0.10702987697715284 0.019332161687170373 0.04421005385996399 0.004114058731744144 
15 0.04709748083244555 0.0283178851023307 0.11089544513456279 0.11403508771922885 0.04282315622518759 -0.0030185424752194605 -0.0664164019636276 -0.019775106630476852 0.07068965517241382 0.05201198630136982 0.04978511681673962 
16 0.014129282938884822 0.03233778648201598 0.07225806451612793 0.05476923076920126 0.06279069767447087 -0.03422876949739593 0.011416229558795867 -0.008071192052980144 0.12799999999999997 0.10669801112610616 0.030359273498615596 
17 -0.004606661941861704 0.03061309168300391 0.0915845991620365 0.06947743467932019 0.1718983557548206 0.05282167042885976 0.018697225572973913 0.01047559187094071 0.03399433427762043 -0.07480916030534364 -0.035491695992035284 
18 0.007449992430509598 -0.12022985445508162 0.01687512408179473 0.05053340819761555 -0.026431718061640637 -0.011019049178522713 -0.10700785111950824 0.013994910941475907 -0.027700831024930775 0.03452527743526519 -0.015854141894571898 
19 0.00879971840899911 0.1058354919114481 0.018016272762503772 0.09659090909086314 0.07878017789071107 0.044130248500420105 0.07852220372879647 0.09196372073402251 -0.15700141442715704 -0.007585563733962813 0.04491218662018833 
20 -0.06339800092603247 0.07393289005645656 -0.02161568448968735 -0.10265645501924685 -0.05817335660271548 -0.060113728675862614 -0.027175572519070133 -0.03734756097560964 0.051724137931034496 -0.05258948210357918 -0.061322781375058776 
21 0.03396789846958914 -0.02421302550248276 0.11894105323306071 0.18901209677418554 0.032435740514140186 0.04404043204866944 0.03591505309181667 -0.09262536873156343 -0.0688622754491018 0.014453379700065203 0.017611447440831932 
22 0.02566883586404505 0.07119845889007086 0.10828025477714937 0.08963238331267523 0.0010863052403128977 0.08150599917252353 0.0036133694670187903 -0.05400087450808917 0.06995230524642296 0.0872809355560901 0.042940616931646525 
23 0.009899277807530646 0.07556449465259174 0.012848434297965469 0.08776656730105714 0.011249259917112151 0.004521477015828055 0.05249030718759804 0.08373814480684721 0.22125181950509468 -0.017231134878193773 0.05112235629947329 
24 0.040707964601762875 0.017760281552168213 0.017367322599858258 -0.05275862068965893 -0.09554513481831647 0.059854366959233435 0.09064994298745539 0.21351234300563013 0.31097560975609767 -0.0024360535931790073 -0.02415194302463528 
25 -0.08692699490660388 -0.09496863305191192 -0.08348576863974445 0.10505415162453319 -0.023151386332892904 -0.08618181818183322 -0.02173088400415487 0.012000716460684251 -0.20480769230769238 -0.009290721649484565 -0.05360537320998805 
26 0.1521543649307195 0.05551354584888757 0.05341648438026201 0.13257935842544233 0.05773195876286172 0.0551566852822887 0.09123883928571938 0.07842778793418645 0.11337579617834402 0.02521008403361349 0.028075970272507578 
27 -0.008524590163922582 0.017015309989378377 -0.021291530182525175 0.06320957348881083 0.02631578947370711 0.03065286624202801 0.062321474941558055 -0.09094028826355532 0.04077010192525475 0.005495666878038577 0.0378023027171332 
28 -0.03091088457745457 0.089430444013658 0.006317759925119442 0.030209790209802478 -0.0027573529411412 0.03942790877464025 -0.0117449662406504 -0.09420964438652024 -0.1118077324973877 -0.010602523210517825 0.0382962094568144 
29 0.10983440351470333 0.07618490219409785 0.05875324228272264 0.07684860702818178 0.033312382149609306 0.0007471049682554436 0.025628508664856182 0.02810256410256405 0.0939289805269187 0.058026260059297056 -0.03083220620168386 
30 0.08133378635554955 0.034772926111512205 -0.06379690949227396 -0.050282070149630806 0.0486618004866009 -0.012497579691628395 -0.0343102215868413 0.10429570429570442 -0.12152420185375916 -0.022377622377622308 -0.022016675351748075 
31 -0.26518105849581247 0.022241231822068677 -0.059851736246542185 -0.07070205904242378 -0.003959910358696893 -0.04734848484845987 -0.00641322912511281 0.034716040591062765 -0.1383352872215709 0.03236871537899272 -0.022582359192345317 
32 -0.028749999999996563 0.07156867028340351 0.059828766564553125 0.05585138526615046 0.03569303985723168 0.024852071005902355 0.03566084788031723 0.03941306944207477 -0.24697986577181205 -0.00020068231988766382 0.03329357769247313 
33 -0.043649233189164804 -0.024685382381412355 0.015141855275807883 -0.11678475445884093 -0.15965909090909292 -0.0005784258521957774 -0.08113298127700955 -0.08401305057096246 0.14440433212996387 0.004420333534257613 0.009504950495063134 
34 0.05227369315765405 0.08892921960076448 0.0019250822170160907 0.15272206303725114 -0.025591669545097454 0.025834658187592972 0.02835148021184484 0.043385868602798 -0.051200000000000044 0.027800746435979257 0.0019705727798330656 
35 0.13476251860597066 0.09181199954929464 0.07236046527095381 0.15169459861781073 0.12437455325238393 0.030739299610875893 0.0877147986663089 0.0507185122569738 -0.17419354838709677 0.0039690414764834755 0.14761405348714848 
36 0.07830687830689796 -0.04075779960026346 -0.01820379182715392 0.07825515124944994 -0.017121116043146718 -0.019938918535829044 0.0686787072243316 0.12404487075272318 -0.1478439425051334 -0.06496102338596843 0.0016853628500460751 
37 0.033964728935310204 0.07161803713528594 0.11866102347061151 -0.038023586823908544 -0.03238324472687987 -0.04668794892258656 -0.05244033323869783 -0.07537324249891283 0.014150943396226322 -0.003545720504049567 -0.010710128055883119 
38 -0.06639523958660057 0.08710601612866434 0.03772750775295579 -0.040883488576178684 0.0700720366731605 0.08339580318222169 0.026710402999074484 0.07596513075965146 0.19906323185011723 0.05257556406981693 -0.02076770505192268 
39 -0.0469824019262874 -0.03609884576648754 -0.024187256176833646 -0.009473452302278628 -0.025950512975256437 -0.04978935273841277 -0.01998637292754414 0.0874246339362619 -0.06876227897838894 -0.016979987871437157 -0.014417897893650349 
40 0.23546511627906708 0.007243460764620773 -0.03565662002149441 0.031900138696256825 0.0023846684416258942 0.09017713365540042 0.019411259301948782 -0.0017243666268735303 0.08456659619450305 0.04261376071193956 -0.03295750216825312 
41 0.010383616959912531 0.014508257875927461 -0.02241898857106938 -0.05808866935522247 -0.0404807084123505 -0.0014646649578632855 -0.019833220644580037 0.02534501061571121 -0.10919540229885047 -0.019242213846459005 -0.04912632367132223 
42 0.06414734843776936 -0.039146589037426203 -0.01791150442480023 -0.07373167981963158 -0.022786458333319937 -0.01784174080187169 -0.07969856131536089 -0.010555121188428305 -0.017241379310344845 -0.05302722470540428 -0.05084972567910883 
43 0.023242944106233784 -0.04186413902057755 0.024443970724044264 0.10106779240128709 -0.0009171137102734364 -0.021005251312833574 -0.003747131160713485 0.020123839009287957 -0.25442477876106184 0.007286800105971885 0.0013912075681655131 
44 0.0186688311688184 -0.04365674114393949 -0.08483253840873715 -0.03985015814959267 -0.07161981258359744 -0.04058755315038314 -0.0659783429866688 -0.07765998211776742 0.5149700598802395 -0.020438577815627013 -0.09723642796756185 
45 -0.016344320348682568 0.02070181953211242 0.02754237288132289 0.025131368517249602 -0.010932944606372627 0.0656960013743828 0.0030547070258425606 0.026270702455739422 -0.23505976095617526 -0.030957683741648156 0.015982450642428907 
46 -0.3207599118942714 0.09052746851613382 0.13368042263223953 0.11957718564192162 0.09424994832386956 0.1480746327908014 0.07596339364864237 0.0808853668533953 0.1679012345679014 0.10530821808730888 -0.10938229344951503 
47 -0.04314357290449919 -0.019568137921761517 -0.013860011433576394 -0.08118722410533036 -0.02847457627117898 0.018367346938749304 -0.01962264150943154 0.015847267282256 -0.2474226804123711 -0.02843095339888838 0.02135045998957354 
48 -0.08612244897956965 -0.10294869609677568 -0.021321240016190988 0.06335221313194025 -0.03228021978024201 0.040255790021277486 -0.06882487891920604 0.007175869618097828 -0.00275482093663906 0.014041246160596791 0.04788562336025823 
49 0.008818342151689725 -0.07603227337448622 -0.14498220640567108 -0.08980682285243234 -0.1164611328071927 -0.0524259198958007 0.015664335664327744 -0.14269979194713006 -0.14204545454545456 0.10290459915180167 0.079726651480642 
50 -0.0004415011037578549 0.01038752190251568 -0.018864252513805333 0.0619396835084386 0.033140016569997155 0.03461374534851436 0.01762114537444445 -0.03492333901192495 0.08469055374592842 0.0051221434200158 -0.014666666666663308 
51 0.07466531748289872 0.08415398388543496 0.058186062020714864 -0.0044989775051059305 0.03132161955696076 0.06392235609102978 0.0768623321926903 0.08948676707120931 0.0028818443804033964 0.05091333074232416 0.03817496166147015 
52 0.033925049309658 -0.14774070370030049 0.06175173282927352 -0.11359285258455558 0.04648106132576788 -0.03695584090198155 -0.02799023758792352 -0.02846927966101684 -0.055096418732782294 -0.046884587059529914 -0.03171155516942035 
53 -0.05247263118156607 0.07294393160476302 -0.05093753524170598 0.03387182831396238 -0.009544787077836894 -0.021366137908697198 -0.002481389578170056 0.04224973089343381 0.08882521489971335 -0.008183943881527656 0.055080657958795465 
54 -0.12788844621516662 -0.029047328864513656 0.027371252274365314 -0.1627212135141255 -0.041189931350102495 0.05334790710820388 0.01664182811723721 -0.06213667484821086 0.20800000000000007 0.10727741423755707 0.035744680851056226 
55 0.07015192135836922 0.08676608614036142 0.03061145809232365 0.05384824585259514 0.006054480111136269 -0.011114639568137739 0.004405286343609065 0.045839699958327706 0.3554083885209712 -0.004686755472530872 0.002197500343356316 
56 0.011825726141076142 0.005857975588279363 -0.02021859825721934 -0.06398179416294136 0.009615384615389659 0.0028892455858783445 0.001701093560148788 -0.024592354985297906 0.009803921568627387 -0.0398165137614678 -0.025169028548409512 
57 0.03882304863097499 0.05921484118804879 0.014164742109318111 0.06898424769147263 -0.02974276527333261 -0.0433014436543941 -0.045675413022351945 0.10817109953386346 0.06935483870967737 -0.011035007610350228 -0.00988467874795284 
58 -0.009619238476980058 0.00906505510135302 0.07591781235838733 0.04477238619310979 -0.01747044669947268 -0.018218623481758817 -0.010800814071171878 -0.03428927680798005 -0.062404870624048724 -0.06220950046311213 -0.027635050687404857 
59 0.1569328565753152 -0.003555646346756396 0.06533306351552434 0.15566137441872502 0.030146425495290344 0.06509695290858608 0.04498179927196699 0.031959300808766015 0.2706645056726094 0.04699958036088973 0.01630591630592257 
60 0.09012717696499359 0.057813498949690005 0.02158934313278221 0.029725769311287353 -0.02413515687850436 0.014282913865815226 -0.006459948320403129 -0.07301502859422788 0.06045340050377827 0.07038299578905167 -0.01500610706668927 
61 -0.03009404388713524 0.044769694360732346 0.04109065426514006 -0.04527081649150438 -0.0024468468445713975 -0.06279583464816002 0.040466926070038135 0.0821448944666285 0.07827102803738316 -0.09232398308208786 -0.02796387998833964 
62 -0.11428571428573205 0.06857997281371042 0.108692675944343 0.060707027868185715 0.017045454545446405 0.012068747701386972 0.06902610441767161 0.08860260286578164 -0.02219755826859038 0.025625129158917268 0.07096481956816712 
63 0.07311730150190085 0.02768438371849399 -0.038333967701574406 -0.09935332157555976 -0.08274231678490918 -0.012918184829412139 0.039375582479049764 0.03916386352715047 -0.018099547511312233 -0.021280867295723864 0.03061261924468365 
64 0.22871794871796627 -0.00034794711203524543 0.046306255307064566 -0.01899827288428143 0.01612267893682351 -0.02978580990626603 0.01219783578895362 0.01850138760407024 0.041522491349480904 -0.05536851441904517 0.0466378950299233 
65 -0.0059880239521023695 0.04628328947534311 0.03670429367855283 0.08676014443137603 -0.026269702276679276 -0.053904630269516925 0.007547169811305612 0.014497678106240648 -0.0680570801317233 0.01656495204882297 0.05174310298483222 
66 0.021445303581232315 -0.059798929364150266 0.05568011958146957 0.07803410230691511 -0.019281332164747034 -0.01753266697980956 0.09499890805854115 0.055445326278659626 -0.03976608187134501 -0.03977639217372611 -0.05174790126551151 
67 0.18818998716303062 0.03728222996513318 0.22090739714993082 -0.08694043655199023 -0.016968325791830358 -0.06703096539161392 0.015358162593817217 0.04304251503323133 -0.020858895705521463 0.07555555555555553 0.06143842887472815 
68 -0.03656147986941126 0.09740367560015045 0.006984726272152356 -0.051506994996790983 0.00730593607303464 -0.03498427672954778 0.003389154704942181 0.07478504299140176 -0.06989853438556926 -0.018817754141951352 -0.02412574271969719 
69 -0.018929296019037027 -0.060530326120085375 0.05775392169098216 0.01473063973063964 0.05462555066085615 -0.02853988412901209 -0.04484393520347286 0.031639679880885965 -0.05925030229746062 0.03276293823038398 -0.0029347964782442766 
70 -0.16000913033553993 0.09901826929328385 0.007773741161768874 0.040773871437487015 0.027469597850869935 -0.1794871794871795 0.04714347407687241 0.07710821893385622 -0.14954486345903775 -0.030186385737439262 0.11293817718291904 
71 0.0498190926802115 0.029720174965546218 0.0765811072194196 0.05104270109235353 0.013765182186234813 -0.08641358641358644 -0.031200631911532353 0.045357083951839024 -0.07275541795665631 0.06397658373405818 0.10564020923356841 
72 0.016841030875223366 -0.0106401636948262 0.08670498931387734 0.07568190549366112 -0.007154213036565967 -0.02404921700223712 -0.046966337431969325 -0.04119431582308806 -0.013400335008375222 0.03278048780487804 0.014381099126861897 ;
param u := 
 1 0.007
2 0.017
3 0.022
4 0.028
5 0.004
6 0.004
7 0.009
8 0.017
9 0.019
10 0.008
11 0.009;
param p := 
 1 0.014
2 0.014
3 0.014
4 0.014
5 0.014
6 0.014
7 0.014
8 0.014
9 0.014
10 0.014
11 0.014
12 0.014
13 0.014
14 0.014
15 0.014
16 0.014
17 0.014
18 0.014
19 0.014
20 0.014
21 0.014
22 0.014
23 0.014
24 0.014
25 0.014
26 0.014
27 0.014
28 0.014
29 0.014
30 0.014
31 0.014
32 0.014
33 0.014
34 0.014
35 0.014
36 0.014
37 0.014
38 0.014
39 0.014
40 0.014
41 0.014
42 0.014
43 0.014
44 0.014
45 0.014
46 0.014
47 0.014
48 0.014
49 0.014
50 0.014
51 0.014
52 0.014
53 0.014
54 0.014
55 0.014
56 0.014
57 0.014
58 0.014
59 0.014
60 0.014
61 0.014
62 0.014
63 0.014
64 0.014
65 0.014
66 0.014
67 0.014
68 0.014
69 0.014
70 0.014
71 0.014
72 0.014;
param T := 72;param rf := 0.02;param R := 11;param maxW := 1.0;param minW := 0.0;param K := 3;